1111111100000000000000001111111111110000000011110000000000001111
1111111100001111111100001111111100001111111111111111111111110000
1111000000000000000000000011110000000000111100000000111100000000
0000111111111111000000000011110011111111111111111111111100000000
0011110011111111001111000011110011111111000000001111000011111111
1111000000000000001111000000000011110000111100000000000000111100
1111111100000000000000000000000011111111111111111111000011110000
0000000000111100111100001111000000001111000011110000000011111111
0000000000111100001111000000000000111100000000001111000000000000
0000111111111111111100000000000000000000111111111111111111111111
1111111111110000000000001111111111110000111111110000111111110000
0000111111110000001111000000000011111111111100001111111111111111
0000111100111100000000000000111100000000000011110011110000001111
0000111100000000111100000000000011111111111111110000000000001111
1111111100000000111111111111111100000000000011111111111100001111
1111000011111111000000000000111111110000000000000000000011111111
0000000011110000111111111111111100001111001111001111111100001111
0000111111110000111111110000111100111100111100000000000000001111
0000111100000000111100000000000000000000000000000000111100111100
1111111111111111111111111111111100000000111100001111000011111111
0000111111111111000011111111111100000000001111000000111100000000
1111111111111111000011110011110011110000111100001111111100111100
0000000000000000111111111111111100001111111100000000000000000000
1111111111111111111100000000111111111111111111110011110011111111
1111111111110000000011110000000011110000000011111111000000000000
0000111111111111111111110011110000001111111111111111000000111100
0011110000000000111111110000000000000000111111111111111100000000
0011110011111111111111110011110000000000000011110000000000001111
1111000000001111000011111111000000001111000000001111111111111111
1111111100000000000011111111000000000000000000000000000000000000
0000000000001111111111110011110011111111000000000000111111111111
0000000011111111111100000000111111111111001111000000000011110000
0000000000000000000000001111111111110000000000000000111111110000
1111111111111111111100001111111111111111000000000000000000000000
0000111111111111111100000000000000111100000011110000111100000000
0000000000001111001111000000111100111100111100001111111111110000
1111000000000000001111000011110011111111111111110011110011111111
0000000011110000000000000000000011111111000011110000111100111100
1111111111111111111111110000000011111111000000001111111111110000
0000111100001111111111111111111111111111111111110000111100000000
1111000011111111000000000011110000001111111111110000111100001111
1111000000001111111111110000111111110000001111001111000000000000
0011110000000000111100001111111100111100111111110000000011110000
0000000011111111000011111111000000000000000011111111000000111100
0011110011111111000000000000000000111100111100000000000000000000
0000000011111111000000000011110000111100000011111111111111111111
1111111100000000111111110000111100001111111100001111000000111100
1111111100111100000011111111111111111111111100000000111100001111
1111000000111100111100000000111111111111000000001111111100001111
1111111100111100001111000000000000001111001111000000111111110000
0000111100000000000011111111111100111100111100001111000011111111
0000000000000000001111001111000000000000111111111111111111111111
1111111111111111111100000011110000000000000000001111111100001111
0000111100001111000011111111000000111100000000000000111111110000
0000000000000000111111111111000000000000000000001111000000001111
0000000000000000000011111111000011111111000011111111111100000000
1111000000111100111111110011110000000000000000001111000011110000
1111000000111100000011110011110011111111111100001111000000000000
0011110000111100000000001111111100000000111111111111000000000000
1111111100000000000000001111000000001111000011110000111111111111