11110000111111111111000000111100
00000000111111110000000000111100
00000000001111000000000000000000
00000000111100001111000011111111
11111111111111110011110011110000
11111111001111001111111100001111
00000000000011111111111100111100
11110000000000001111111111110000
00111100111100001111111111111111
00111100111100000011110000111100
11111111111111111111111100111100
00000000111100001111000000111100
00111100111111111111000000001111
11110000111100000011110000111100
00111100000000001111111100001111
00001111111111111111111111111111
11110000111111111111000000000000
11111111001111001111000000111100
00000000000000000000000000001111
00000000000011110000111100000000
00111100000011110011110000001111
11111111111100000011110000000000
00111100001111000011110000000000
00001111000011110011110000000000
00111100111111110000111111111111
11110000111111110011110011111111
11110000000011111111111100000000
00000000111111110000000011111111
11111111001111000000111100001111
11110000000011110011110000000000
00111100000011110011110011110000
11110000111111111111000000001111
11110000111100001111111100111100
00001111111100000000000011111111
00000000111100000011110000111100
00000000111100001111000011110000
00001111111100000000111111110000
11110000111100001111000000111100
00001111111111111111111100001111
00000000000011110000111111110000
11111111111111110011110000001111
11110000001111001111111111110000
11111111000011111111111111111111
00000000000011110000000011111111
11111111000011110000111100000000
00111100000011111111111100000000
11110000111100000000000011111111
00001111000000001111111111111111
00111100111111110000000000000000
11110000001111000011110011111111
00111100000011111111000000001111
00111100001111001111111100000000
11111111111100001111111111111111
11111111000011110000000011110000
11110000000011110000000011111111
00111100001111000000000011110000
00111100111100001111000000001111
11111111000000000011110011110000
11110000000000000011110000111100
00000000000000000000111111110000
